00001
00003
00005
00007
00009
00011
00013
00015
00017
00019
00021
00023
00025
00027
00029
00001
00003
00005
00007
00009
00011
00013
00015
00017
00019
00021
00023
00025
00027
00029
00001
00003
00005
00007
00009
00011
00013
00015
00017
00019
00021
00023
00025
00027
00029
00001
00003
00005
00007
00009
00011
00013
00015
00017
00019
00021
00023
00025
00027
00029
00001
00003
00005
00007
00009
00011
00013
00015
00017
00019
00021
00023
00025
00027
00029
00001
00003
00005
00007
00009
00011
00013
00015
00017
00019
00021
00023
00025
00027
00029
