00002
00004
00006
00008
00010
00012
00014
00016
00018
00020
00022
00024
00026
00028
00030
00002
00004
00006
00008
00010
00012
00014
00016
00018
00020
00022
00024
00026
00028
00030
00002
00004
00006
00008
00010
00012
00014
00016
00018
00020
00022
00024
00026
00028
00030
00002
00004
00006
00008
00010
00012
00014
00016
00018
00020
00022
00024
00026
00028
00030
00002
00004
00006
00008
00010
00012
00016
00018
00020
00022
00024
00026
00030
00002
00004
00006
00008
00010
00012
00014
00016
00018
00020
00022
00024
00026
00028
00030
